{
  "accessors": [
    {
      "bufferView": 2,
      "componentType": 5126,
      "count": 1612,
      "max": [
        0.3781299889087677,
        0.27487999200820923,
        1.8760099411010742
      ],
      "min": [
        -0.3781299889087677,
        -0.23250000178813934,
        0.0015300000086426735
      ],
      "type": "VEC3"
    },
    {
      "bufferView": 2,
      "byteOffset": 19344,
      "componentType": 5126,
      "count": 1612,
      "max": [
        0.9980932474136353,
        0.9946183562278748,
        0.9980027675628662
      ],
      "min": [
        -0.9980932474136353,
        -0.9999745488166809,
        -0.9999677538871765
      ],
      "type": "VEC3"
    },
    {
      "bufferView": 1,
      "componentType": 5126,
      "count": 1612,
      "max": [
        0.7114499807357788,
        0.713379979133606
      ],
      "min": [
        0.050030000507831573,
        0.09973999857902527
      ],
      "type": "VEC2"
    },
    {
      "bufferView": 0,
      "componentType": 5125,
      "count": 2982,
      "type": "SCALAR"
    },
    {
      "bufferView": 2,
      "byteOffset": 38688,
      "componentType": 5126,
      "count": 205,
      "max": [
        0.7682600021362305,
        -0.2474299967288971,
        1.128100037574768
      ],
      "min": [
        0.39138999581336975,
        -0.3145900070667267,
        -0.2707799971103668
      ],
      "type": "VEC3"
    },
    {
      "bufferView": 2,
      "byteOffset": 41148,
      "componentType": 5126,
      "count": 205,
      "max": [
        0.9992497563362122,
        0.999189555644989,
        1.0
      ],
      "min": [
        -0.9986066818237305,
        -0.9999532103538513,
        -1.0
      ],
      "type": "VEC3"
    },
    {
      "bufferView": 1,
      "byteOffset": 12896,
      "componentType": 5126,
      "count": 205,
      "max": [
        0.44613999128341675,
        0.9477400183677673
      ],
      "min": [
        0.09995999932289124,
        0.5776500105857849
      ],
      "type": "VEC2"
    },
    {
      "bufferView": 0,
      "byteOffset": 11928,
      "componentType": 5125,
      "count": 462,
      "type": "SCALAR"
    }
  ],
  "asset": {
    "extras": {
      "author": "VitSh (https://sketchfab.com/VitSh)",
      "license": "CC-BY-4.0 (http://creativecommons.org/licenses/by/4.0/)",
      "source": "https://sketchfab.com/3d-models/skeleton-a2225b26c7b74cd5b5bbeced1170cc09",
      "title": "Skeleton"
    },
    "generator": "Sketchfab-12.65.0",
    "version": "2.0"
  },
  "bufferViews": [
    {
      "buffer": 0,
      "byteLength": 13776,
      "name": "floatBufferViews",
      "target": 34963
    },
    {
      "buffer": 0,
      "byteLength": 14536,
      "byteOffset": 13776,
      "byteStride": 8,
      "name": "floatBufferViews",
      "target": 34962
    },
    {
      "buffer": 0,
      "byteLength": 43608,
      "byteOffset": 28312,
      "byteStride": 12,
      "name": "floatBufferViews",
      "target": 34962
    }
  ],
  "buffers": [
    {
      "byteLength": 71920,
      "uri": "scene.bin"
    }
  ],
  "images": [
    {
      "uri": "textures/Material_baseColor.png"
    }
  ],
  "materials": [
    {
      "doubleSided": true,
      "name": "Material",
      "pbrMetallicRoughness": {
        "baseColorTexture": {
          "index": 0
        },
        "metallicFactor": 0.22699386503067484,
        "roughnessFactor": 0.9447852760736197
      }
    }
  ],
  "meshes": [
    {
      "name": "skeleton_0",
      "primitives": [
        {
          "attributes": {
            "NORMAL": 1,
            "POSITION": 0,
            "TEXCOORD_0": 2
          },
          "indices": 3,
          "material": 0,
          "mode": 4
        }
      ]
    },
    {
      "name": "sword _0",
      "primitives": [
        {
          "attributes": {
            "NORMAL": 5,
            "POSITION": 4,
            "TEXCOORD_0": 6
          },
          "indices": 7,
          "material": 0,
          "mode": 4
        }
      ]
    }
  ],
  "nodes": [
    {
      "children": [
        1
      ],
      "matrix": [
        1.0,
        0.0,
        0.0,
        0.0,
        0.0,
        2.220446049250313e-16,
        -1.0,
        0.0,
        0.0,
        1.0,
        2.220446049250313e-16,
        0.0,
        0.0,
        0.0,
        0.0,
        1.0
      ],
      "name": "Sketchfab_model"
    },
    {
      "children": [
        2,
        4,
        6,
        8
      ],
      "name": "Root"
    },
    {
      "children": [
        3
      ],
      "name": "skeleton"
    },
    {
      "mesh": 0,
      "name": "skeleton_0"
    },
    {
      "children": [
        5
      ],
      "matrix": [
        0.004110000000000001,
        0.016180000000000003,
        0.99986,
        0.0,
        -0.96918,
        0.24636000000000002,
        -0.0,
        0.0,
        -0.24633000000000002,
        -0.9690400000000001,
        0.016700000000000003,
        0.0,
        0.0,
        0.0,
        0.0,
        1.0
      ],
      "name": "sword "
    },
    {
      "mesh": 1,
      "name": "sword _0"
    },
    {
      "children": [
        7
      ],
      "matrix": [
        -0.3143000000000001,
        -0.8174400000000001,
        0.4827,
        0.0,
        0.81898,
        0.023660000000000007,
        0.57333,
        0.0,
        -0.48009,
        0.57552,
        0.6620400000000002,
        0.0,
        -2.7341200000000003,
        4.05637,
        6.29368,
        1.0
      ],
      "name": "Sun"
    },
    {
      "name": "Sun"
    },
    {
      "children": [
        9
      ],
      "matrix": [
        -0.04063000000000001,
        -0.6930100000000001,
        -0.7197900000000002,
        0.0,
        0.9198500000000001,
        -0.30724,
        0.24389000000000002,
        0.0,
        -0.3901700000000001,
        -0.6521800000000001,
        0.6499400000000002,
        0.0,
        -3.2473700000000005,
        -4.44455,
        6.86972,
        1.0
      ],
      "name": "Sun.001"
    },
    {
      "name": "Sun.001"
    }
  ],
  "samplers": [
    {
      "magFilter": 9729,
      "minFilter": 9987,
      "wrapS": 10497,
      "wrapT": 10497
    }
  ],
  "scene": 0,
  "scenes": [
    {
      "name": "Sketchfab_Scene",
      "nodes": [
        0
      ]
    }
  ],
  "textures": [
    {
      "sampler": 0,
      "source": 0
    }
  ]
}
